30 220
30 230
30 240
30 250
30 260
30 270
40 220
40 230
40 240
40 250
40 260
40 270
45 280
50 215
50 225
50 235
50 245
50 255
50 265
55 275
55 285
60 210
60 220
60 230
60 240
60 250
60 260
65 270
65 280
70 205
70 215
70 225
70 235
70 245
70 255
70 290
75 265
75 275
80 205
80 215
80 225
80 235
80 245
80 255
80 285
80 295
85 265
85 275
90 200
90 210
90 220
90 230
90 240
90 250
90 285
90 295
95 260
95 270
100 195
100 205
100 215
100 225
100 235
100 245
100 280
100 290
100 300
105 255
105 265
110 190
110 200
110 210
110 220
110 230
110 240
110 275
110 285
110 295
110 305
115 250
115 260
120 185
120 195
120 205
120 215
120 225
120 235
120 270
120 280
120 290
120 300
120 310
125 245
125 255
130 185
130 195
130 205
130 215
130 225
130 235
130 265
130 275
130 285
130 295
130 305
130 315
135 245
135 255
140 180
140 190
140 200
140 210
140 220
140 230
140 265
140 275
140 285
140 295
140 305
140 315
150 175
150 185
150 195
150 205
150 215
150 280
150 290
150 300
150 310
150 320
160 170
160 180
160 190
160 200
160 210
160 285
160 295
160 305
160 315
160 325
170 170
170 180
170 190
170 200
170 210
170 290
170 300
170 310
170 320
170 330
180 165
180 175
180 185
180 195
180 205
180 290
180 300
180 310
180 320
180 330
190 160
190 170
190 180
190 190
190 200
190 295
190 305
190 315
190 325
190 335
200 155
200 165
200 175
200 185
200 195
200 300
200 310
200 320
200 330
200 340
210 155
210 165
210 175
210 185
210 195
210 305
210 315
210 325
210 335
210 345
220 150
220 160
220 170
220 180
220 190
220 305
220 315
220 325
220 335
220 345
225 355
230 145
230 155
230 165
230 175
230 185
230 310
230 320
230 330
230 340
235 350
240 140
240 150
240 160
240 170
240 180
240 315
240 325
240 335
240 360
245 345
250 135
250 145
250 155
250 165
250 175
250 315
250 325
250 335
250 355
250 365
255 345
260 135
260 145
260 155
260 165
260 175
260 315
260 325
260 335
260 355
260 365
265 345
270 130
270 140
270 150
270 160
270 170
270 180
270 315
270 325
270 335
270 355
270 365
275 345
275 375
280 125
280 135
280 145
280 155
280 165
280 175
280 315
280 325
280 335
280 355
280 365
285 345
285 375
290 120
290 130
290 140
290 150
290 160
290 170
290 180
290 315
290 325
290 335
290 355
290 365
295 345
295 375
300 120
300 130
300 140
300 150
300 160
300 170
300 180
300 190
300 200
300 210
300 220
300 230
300 240
300 250
300 260
300 270
300 280
300 290
300 300
300 310
300 320
300 330
300 355
300 365
300 385
305 340
305 375
310 115
310 125
310 135
310 145
310 155
310 165
310 175
310 185
310 195
310 205
310 215
310 225
310 235
310 245
310 255
310 265
310 275
310 285
310 295
310 305
310 315
310 325
310 350
310 360
310 385
315 335
315 370
320 110
320 120
320 130
320 140
320 150
320 160
320 170
320 180
320 190
320 200
320 210
320 220
320 230
320 240
320 250
320 260
320 270
320 280
320 290
320 300
320 310
320 320
320 345
320 355
320 380
320 390
325 330
325 365
330 105
330 115
330 125
330 135
330 145
330 155
330 165
330 175
330 185
330 195
330 205
330 215
330 225
330 235
330 245
330 255
330 265
330 275
330 285
330 295
330 305
330 315
330 340
330 350
330 375
330 385
330 395
335 325
335 360
340 105
340 115
340 125
340 135
340 145
340 370
340 380
340 390
340 400
345 355
350 100
350 110
350 120
350 130
350 140
350 365
350 375
350 385
350 395
350 405
360 95
360 105
360 115
360 125
360 135
360 360
360 370
360 380
360 390
360 400
360 410
370 90
370 100
370 110
370 120
370 130
370 365
370 375
370 385
370 395
370 405
375 415
380 85
380 95
380 105
380 115
380 125
380 370
380 380
380 390
380 400
385 410
385 420
390 85
390 95
390 105
390 115
390 125
390 370
390 380
390 390
390 400
395 410
395 420
400 80
400 90
400 100
400 110
400 120
400 375
400 385
400 395
405 405
405 415
405 425
410 75
410 85
410 95
410 105
410 115
410 380
410 390
415 400
415 410
415 420
415 430
420 70
420 80
420 90
420 100
420 110
420 385
425 395
425 405
425 415
425 425
425 435
430 70
430 80
430 90
430 100
430 110
430 385
435 395
435 405
435 415
435 425
435 435
440 65
440 75
440 85
440 95
440 105
445 395
445 405
445 415
445 425
445 435
445 445
450 60
450 70
450 80
450 90
450 100
455 395
455 405
455 415
455 425
455 435
455 445
460 55
460 65
460 75
460 85
460 95
465 400
465 410
465 420
465 430
465 440
465 450
470 55
470 65
470 75
470 85
470 95
475 405
475 415
475 425
475 435
475 445
475 455
