35 255
35 265
35 275
35 285
35 295
35 305
35 315
35 325
35 335
45 245
45 255
45 265
45 275
45 285
45 295
45 305
45 315
45 325
45 335
55 235
55 245
55 255
55 265
55 275
55 285
55 295
55 305
55 315
55 325
55 335
65 215
65 225
65 235
65 245
65 255
65 265
65 275
65 285
65 295
65 305
65 315
65 325
65 335
75 205
75 215
75 225
75 235
75 245
75 255
75 265
75 275
75 285
75 295
75 305
75 315
75 325
85 195
85 205
85 215
85 225
85 235
85 245
85 255
85 265
85 275
85 285
85 295
85 305
85 315
85 325
90 180
95 155
95 165
95 190
95 200
95 210
95 220
95 230
95 240
95 250
95 260
95 270
100 175
105 150
105 160
105 185
105 195
105 205
105 215
105 225
105 235
105 245
105 255
105 265
105 275
110 170
115 145
115 155
115 180
115 190
115 200
115 210
115 220
115 230
115 240
115 250
115 260
115 270
120 165
125 135
125 145
125 155
125 175
125 185
125 195
125 205
125 215
125 225
125 235
125 245
125 255
125 265
125 275
130 165
135 145
135 155
135 175
135 185
135 195
135 205
135 215
135 225
135 235
135 245
135 255
135 265
135 275
140 165
145 150
145 175
145 185
145 195
145 205
145 215
145 225
145 235
145 245
145 255
145 265
145 275
150 160
155 170
155 180
155 190
155 200
155 210
155 220
155 230
155 240
155 250
155 260
155 270
160 155
165 165
165 175
165 185
165 195
165 205
165 215
165 225
165 235
165 245
165 255
165 265
165 275
170 155
175 165
175 175
175 185
175 195
175 205
175 215
175 225
175 235
175 245
175 255
175 265
175 275
180 155
185 165
185 175
185 185
185 195
185 205
185 215
185 225
185 235
185 245
185 255
185 265
185 275
185 285
195 165
195 175
195 185
195 195
195 205
195 215
195 225
195 235
195 245
195 255
195 265
195 275
195 285
195 295
200 305
200 315
205 170
205 180
205 190
205 200
205 210
205 220
205 230
205 240
205 250
205 260
205 270
205 280
205 290
205 325
210 300
210 310
215 175
215 185
215 195
215 205
215 215
215 225
215 235
215 245
215 255
215 265
215 275
215 285
215 320
220 295
220 305
225 185
225 195
225 205
225 215
225 225
225 235
225 245
225 255
225 265
225 275
225 285
225 315
225 325
230 295
230 305
230 335
230 345
230 355
230 365
235 195
235 205
235 215
235 225
235 235
235 245
235 255
235 265
235 275
235 285
235 315
235 325
240 295
240 305
240 335
240 345
240 355
240 365
245 205
245 215
245 225
245 235
245 245
245 255
245 265
245 275
245 285
245 315
245 325
250 295
250 305
250 335
250 345
250 355
250 365
250 375
255 210
255 220
255 230
255 240
255 250
255 260
255 270
255 280
255 315
255 325
260 290
260 300
260 335
260 345
260 355
260 365
260 375
260 385
265 215
265 225
265 235
265 245
265 255
265 265
265 275
265 310
265 320
270 285
270 295
270 330
270 340
270 350
270 360
270 370
270 380
270 390
275 220
275 230
275 240
275 250
275 260
275 270
275 305
275 315
280 280
280 290
280 325
280 335
280 345
280 355
280 365
285 220
285 230
285 240
285 250
285 260
285 270
285 300
285 310
290 280
290 290
290 320
290 330
290 340
290 350
295 220
295 230
295 240
295 250
295 260
295 270
295 300
295 310
300 280
300 290
300 320
300 330
300 340
300 350
305 220
305 230
305 240
305 250
305 260
305 270
305 300
305 310
310 280
310 290
310 320
310 330
310 340
310 350
315 220
315 230
315 240
315 250
315 260
315 270
315 300
315 310
320 280
320 290
320 320
320 330
320 340
320 350
325 220
325 230
325 240
325 250
325 260
325 270
325 300
325 310
330 280
330 290
330 320
330 330
330 340
330 350
335 215
335 225
335 235
335 245
335 255
335 265
335 300
335 310
340 275
340 285
340 320
340 330
340 340
340 350
345 215
345 225
345 235
345 245
345 255
345 265
345 295
345 305
350 205
350 275
350 285
350 315
350 325
350 335
350 345
350 355
355 215
355 225
355 235
355 245
355 255
355 265
355 295
355 305
355 365
360 205
360 275
360 285
360 315
360 325
360 335
360 345
360 355
365 215
365 225
365 235
365 245
365 255
365 265
365 295
365 305
365 365
370 205
370 275
370 285
370 315
370 325
370 335
370 345
370 355
375 215
375 225
375 235
375 245
375 255
375 265
375 295
375 305
375 365
380 205
380 275
380 285
380 315
380 325
380 335
380 345
380 355
385 215
385 225
385 235
385 245
385 255
385 265
385 295
385 305
385 365
390 205
390 275
390 285
390 315
390 325
390 335
390 345
390 355
395 215
395 225
395 235
395 245
395 255
395 265
395 295
395 305
395 365
400 275
400 285
400 315
400 325
400 335
400 345
400 355
405 215
405 225
405 235
405 245
405 255
405 265
405 295
405 305
405 365
410 275
410 285
410 315
410 325
410 335
410 345
410 355
415 250
415 260
415 295
415 305
415 365
420 270
420 280
420 315
420 325
420 335
420 345
420 355
425 255
425 290
425 300
425 365
430 265
430 275
430 310
430 320
430 330
430 340
430 350
435 285
435 295
435 360
435 370
440 305
440 315
440 325
