95 800
95 890
95 1000
95 1010
95 1030
100 775
100 785
100 820
100 830
100 850
100 860
100 880
100 1040
110 760
110 770
110 805
110 815
110 835
110 845
110 865
110 875
110 1040
115 790
115 895
115 905
115 925
115 935
115 955
115 965
115 985
115 995
115 1015
115 1025
125 745
125 790
125 880
125 890
125 910
125 920
125 940
125 950
125 970
125 980
125 1000
125 1010
130 725
130 755
130 775
130 800
130 820
130 830
130 850
130 860
130 1030
130 1040
140 715
140 725
140 755
140 775
140 805
140 815
140 835
140 845
140 865
140 1030
140 1040
145 745
145 785
145 875
145 895
145 905
145 925
145 935
145 955
145 965
145 985
145 995
145 1015
155 740
155 785
155 875
155 895
155 905
155 925
155 935
155 955
155 965
155 985
155 995
155 1015
160 715
160 725
160 760
160 770
160 805
160 815
160 835
160 845
160 865
160 1025
160 1045
170 715
170 725
170 745
170 755
170 790
170 800
170 820
170 830
170 850
170 860
170 1025
170 1045
175 685
175 695
175 775
175 880
175 890
175 910
175 920
175 940
175 950
175 970
175 980
175 1000
175 1010
185 680
185 775
185 865
185 875
185 895
185 905
185 925
185 935
185 955
185 965
185 985
185 995
190 655
190 665
190 700
190 710
190 745
190 755
190 785
190 805
190 815
190 835
190 845
190 1015
190 1025
190 1045
200 655
200 665
200 695
200 715
200 740
200 760
200 785
200 805
200 815
200 835
200 845
200 1015
200 1025
205 685
205 725
205 770
205 865
205 875
205 895
205 905
205 925
205 935
205 955
205 965
205 985
205 995
215 685
215 725
215 860
215 880
215 890
215 910
215 920
215 940
215 950
215 970
215 980
215 1000
220 605
220 625
220 635
220 655
220 665
220 695
220 715
220 745
220 755
220 775
220 785
220 805
220 815
220 835
220 845
220 1010
220 1030
230 610
230 620
230 640
230 650
230 695
230 715
230 745
230 755
230 775
230 785
230 805
230 815
230 835
230 845
230 1015
230 1025
235 670
235 680
235 725
235 865
235 875
235 895
235 905
235 925
235 935
235 955
235 965
235 985
235 995
245 670
245 680
245 865
245 875
245 895
245 905
245 925
245 935
245 955
245 965
245 985
245 995
250 595
250 605
250 625
250 635
250 655
250 700
250 710
250 730
250 740
250 775
250 785
250 805
250 815
250 835
250 845
250 1015
250 1025
260 595
260 605
260 625
260 635
260 655
260 685
260 695
260 730
260 740
260 770
260 790
260 800
260 820
260 830
260 1015
260 1025
265 535
265 545
265 565
265 575
265 665
265 715
265 760
265 850
265 860
265 880
265 890
265 910
265 920
265 940
265 950
265 970
265 980
275 470
275 490
275 500
275 520
275 530
275 550
275 560
275 665
275 715
275 755
275 850
275 860
275 880
275 890
275 955
275 965
275 985
280 460
280 580
280 590
280 610
280 620
280 640
280 650
280 685
280 695
280 725
280 745
280 775
280 785
280 805
280 815
280 835
280 1015
290 460
290 580
290 590
290 610
290 620
290 640
290 650
290 680
290 700
290 725
290 745
290 775
290 785
290 805
290 815
290 835
295 470
295 490
295 500
295 520
295 530
295 550
295 560
295 670
295 710
295 755
295 845
305 470
305 490
305 500
305 520
305 530
305 550
305 560
305 670
305 710
305 845
310 460
310 580
310 590
310 610
310 620
310 640
310 650
310 680
310 700
310 730
310 740
310 760
310 770
310 790
310 800
310 820
310 830
320 460
320 580
320 590
320 610
320 620
320 640
320 650
320 680
320 700
320 730
320 740
320 760
320 770
320 790
320 800
320 820
320 830
325 470
325 490
325 500
325 520
325 530
325 550
325 560
325 670
325 710
325 850
335 430
335 475
335 485
335 505
335 515
335 535
335 545
335 565
335 670
335 710
335 850
340 440
340 575
340 595
340 605
340 625
340 635
340 680
340 700
340 730
340 740
340 760
340 770
340 790
340 800
340 820
340 830
350 440
350 580
350 590
350 610
350 620
350 640
350 685
350 695
350 730
350 740
350 760
350 770
350 790
350 800
350 820
350 830
355 425
355 460
355 470
355 490
355 500
355 520
355 530
355 550
355 560
355 650
355 850
365 455
365 475
365 485
365 505
365 515
365 535
365 545
365 650
365 700
365 745
365 850
370 430
370 440
370 565
370 575
370 595
370 605
370 625
370 635
370 670
370 680
370 710
370 730
370 755
370 775
370 785
370 805
370 815
380 400
380 425
380 560
380 580
380 590
380 610
380 620
380 665
380 685
380 710
380 730
380 760
380 770
380 790
380 800
380 820
385 410
385 445
385 455
385 475
385 485
385 505
385 515
385 535
385 545
385 640
385 650
385 695
385 740
385 830
385 850
395 440
395 460
395 470
395 490
395 500
395 520
395 530
395 635
400 415
400 425
400 550
400 560
400 580
400 590
400 610
400 620
400 655
400 665
400 700
400 710
400 745
400 755
400 775
400 785
400 805
400 815
410 410
410 545
410 565
410 575
410 595
410 605
410 650
410 670
410 695
410 715
410 740
410 760
410 770
410 790
410 800
415 430
415 440
415 460
415 470
415 490
415 500
415 520
415 530
415 625
415 635
415 680
415 725
425 430
425 440
425 460
425 470
425 490
425 500
425 520
425 530
425 620
430 550
430 560
430 580
430 590
430 610
430 640
430 650
430 685
430 695
430 730
430 740
430 760
430 770
430 790
430 800
440 535
440 545
440 565
440 575
440 595
440 605
440 640
440 650
440 680
440 700
440 725
440 745
440 755
440 775
440 785
440 805
440 815
445 440
445 460
445 470
445 490
445 500
445 520
445 625
445 670
445 710
455 445
455 455
455 475
455 485
455 505
455 515
455 610
455 620
455 665
455 710
455 820
460 535
460 545
460 565
460 575
460 595
460 640
460 650
460 685
460 695
460 730
460 740
460 760
460 770
460 790
460 800
470 520
470 530
470 550
470 560
470 580
470 590
470 625
470 635
470 670
470 680
470 715
470 725
470 745
470 755
470 775
470 785
470 805
475 460
475 470
475 490
475 500
475 610
475 655
475 700
475 815
485 460
485 470
485 490
485 500
485 610
485 650
485 695
485 820
485 830
490 520
490 530
490 550
490 560
490 580
490 590
490 620
490 640
490 670
490 680
490 715
490 725
490 745
490 755
490 775
490 785
500 520
500 530
500 550
500 560
500 580
500 590
500 620
500 640
500 670
500 680
500 700
500 710
500 730
500 740
500 760
500 770
500 790
500 845
505 460
505 470
505 490
505 500
505 610
505 650
505 800
505 820
505 830
515 460
515 470
515 490
515 500
515 610
515 650
515 800
515 820
515 830
515 850
515 860
520 520
520 530
520 550
520 560
520 580
520 590
520 620
520 640
520 670
520 680
520 700
520 710
520 730
520 740
520 760
520 770
520 790
530 515
530 535
530 545
530 565
530 575
530 620
530 640
530 670
530 680
530 700
530 710
530 730
530 740
530 760
530 770
530 790
535 455
535 475
535 485
535 505
535 595
535 605
535 650
535 800
535 820
535 830
535 850
535 860
545 455
545 475
545 485
545 505
545 595
545 605
545 800
545 820
545 830
545 850
545 860
550 515
550 535
550 545
550 565
550 575
550 625
550 635
550 655
550 665
550 700
550 710
550 730
550 740
550 760
550 770
550 790
560 515
560 535
560 545
560 565
560 575
560 625
560 635
560 655
560 665
560 695
560 715
560 725
560 745
560 755
560 775
560 785
565 455
565 475
565 485
565 505
565 595
565 605
565 685
565 805
565 815
565 850
565 860
565 880
565 890
575 475
575 485
575 505
575 595
575 605
575 685
575 805
575 815
575 845
575 865
575 875
575 895
575 905
580 515
580 535
580 545
580 565
580 575
580 625
580 635
580 655
580 665
580 695
580 715
580 725
580 745
580 755
580 775
580 785
580 835
590 515
590 535
590 545
590 565
590 575
590 625
590 635
590 655
590 665
590 695
590 715
590 725
590 745
590 755
590 775
590 785
590 835
595 490
595 500
595 595
595 605
595 685
595 805
595 815
595 845
595 865
595 875
595 895
595 905
595 925
595 935
595 955
605 490
605 500
605 590
605 685
605 805
605 815
605 845
605 865
605 875
605 895
605 905
605 925
605 935
605 955
610 520
610 530
610 550
610 560
610 580
610 610
610 620
610 655
610 665
610 695
610 715
610 725
610 745
610 755
610 775
610 785
610 835
610 965
610 985
610 995
620 505
620 515
620 535
620 545
620 565
620 575
620 610
620 620
620 650
620 670
620 695
620 715
620 725
620 745
620 755
620 775
620 785
620 835
620 965
620 985
620 995
625 595
625 640
625 680
625 805
625 815
625 845
625 865
625 875
625 895
625 905
625 925
625 935
625 955
635 595
635 635
635 680
635 790
635 800
635 820
635 845
635 865
635 875
635 895
635 905
635 925
635 935
635 955
640 505
640 515
640 535
640 545
640 565
640 575
640 605
640 625
640 655
640 665
640 700
640 710
640 730
640 740
640 760
640 770
640 830
640 965
640 985
640 995
650 515
650 535
650 545
650 565
650 575
650 605
650 625
650 655
650 665
650 685
650 695
650 715
650 725
650 745
650 755
650 775
650 830
650 970
650 980
655 595
655 635
655 785
655 805
655 815
655 850
655 860
655 880
655 890
655 910
655 920
655 940
655 950
665 595
665 635
665 785
665 805
665 815
665 835
665 845
665 865
665 875
665 895
665 905
665 925
665 935
670 535
670 545
670 565
670 575
670 605
670 625
670 655
670 665
670 685
670 695
670 715
670 725
670 745
670 755
670 775
670 955
670 965
670 985
670 995
680 535
680 545
680 565
680 575
680 605
680 625
680 655
680 665
680 685
680 695
680 715
680 725
680 745
680 755
680 775
680 955
680 965
680 985
680 995
680 1105
685 595
685 635
685 785
685 805
685 815
685 835
685 845
685 865
685 875
685 895
685 905
685 925
685 935
685 1075
685 1085
685 1115
695 580
695 590
695 635
695 785
695 805
695 815
695 835
695 845
695 865
695 875
695 895
695 905
695 925
695 935
695 1015
695 1025
695 1045
695 1075
695 1085
695 1115
695 1135
700 550
700 560
700 610
700 620
700 655
700 665
700 685
700 695
700 715
700 725
700 745
700 755
700 775
700 955
700 965
700 985
700 995
700 1055
700 1105
710 610
710 620
710 640
710 650
710 685
710 695
710 715
710 725
710 745
710 755
710 775
710 955
710 965
710 985
710 995
710 1055
710 1105
715 580
715 590
715 670
715 785
715 805
715 815
715 835
715 845
715 865
715 875
715 895
715 905
715 925
715 935
715 1015
715 1025
715 1045
715 1075
715 1085
715 1115
715 1135
725 670
725 790
725 800
725 835
725 845
725 865
725 875
725 895
725 905
725 925
725 935
725 1015
725 1025
725 1045
725 1075
725 1085
725 1115
725 1135
730 595
730 605
730 640
730 650
730 680
730 700
730 710
730 730
730 740
730 760
730 770
730 820
730 955
730 965
730 985
730 995
730 1055
730 1105
740 610
740 635
740 655
740 680
740 700
740 710
740 730
740 740
740 760
740 770
740 820
740 950
740 970
740 980
740 1055
740 1105
745 620
745 665
745 790
745 800
745 830
745 850
745 860
745 880
745 890
745 910
745 920
745 940
745 1000
745 1010
745 1030
745 1040
745 1075
745 1085
745 1115
745 1135
745 1145
755 775
755 785
755 805
755 830
755 850
755 860
755 880
755 890
755 910
755 920
755 940
755 1000
755 1010
755 1030
755 1040
755 1070
755 1090
755 1115
755 1135
755 1145
760 625
760 635
760 670
760 680
760 700
760 710
760 730
760 740
760 760
760 815
760 950
760 970
760 980
760 1060
760 1100
770 625
770 635
770 665
770 685
770 695
770 715
770 725
770 745
770 755
770 955
770 965
770 985
770 1060
770 1100
770 1160
775 655
775 775
775 785
775 820
775 830
775 850
775 860
775 880
775 890
775 910
775 920
775 995
775 1015
775 1025
775 1070
775 1090
775 1120
775 1130
775 1150
785 655
785 775
785 785
785 815
785 835
785 845
785 865
785 875
785 895
785 905
785 925
785 1000
785 1010
785 1030
785 1075
785 1085
785 1120
785 1130
785 1150
785 1180
785 1190
790 640
790 665
790 685
790 695
790 715
790 725
790 745
790 755
790 805
790 935
790 955
790 965
790 1040
790 1160
800 640
800 670
800 680
800 700
800 710
800 730
800 740
800 805
800 935
800 955
800 965
800 1045
800 1090
800 1165
805 650
805 760
805 770
805 790
805 815
805 835
805 845
805 865
805 875
805 895
805 905
805 925
805 985
805 995
805 1015
805 1025
805 1055
805 1075
805 1100
805 1120
805 1130
805 1175
805 1195
805 1205
815 760
815 770
815 790
815 820
815 830
815 850
815 860
815 880
815 890
815 910
815 920
815 985
815 995
815 1015
815 1025
815 1055
815 1075
815 1105
815 1115
815 1135
815 1180
815 1190
820 655
820 665
820 685
820 695
820 715
820 725
820 745
820 800
820 940
820 950
820 970
820 1045
820 1085
820 1145
820 1210
820 1220
830 655
830 665
830 685
830 695
830 715
830 725
830 745
830 940
830 950
830 970
830 1030
830 1040
830 1085
830 1145
830 1205
835 755
835 775
835 785
835 805
835 815
835 835
835 845
835 865
835 875
835 895
835 905
835 980
835 1000
835 1010
835 1060
835 1070
835 1105
835 1115
835 1135
835 1165
835 1175
835 1195
845 760
845 770
845 805
845 815
845 835
845 845
845 865
845 875
845 895
845 905
845 985
845 995
845 1015
845 1060
845 1070
845 1090
845 1100
845 1120
845 1130
845 1165
850 670
850 680
850 700
850 710
850 730
850 740
850 790
850 925
850 935
850 955
850 965
850 1150
860 670
860 680
860 700
860 710
860 730
860 740
860 790
860 920
860 940
860 950
865 760
865 770
865 800
865 820
865 830
865 850
865 860
865 880
865 890
865 910
865 970
865 980
865 1000
865 1010
875 760
875 770
875 800
875 820
875 830
875 850
875 860
875 880
875 890
875 910
875 970
875 980
875 1000
875 1010
880 680
880 700
880 710
880 730
880 740
880 790
880 920
880 940
880 950
890 680
890 700
890 710
890 730
890 740
890 790
890 920
890 940
890 950
895 760
895 770
895 800
895 820
895 830
895 850
895 860
895 880
895 890
895 910
895 970
895 980
895 1000
895 1010
905 760
905 770
905 800
905 820
905 830
905 850
905 860
905 880
905 890
905 910
905 970
905 980
905 1000
905 1010
910 680
910 700
910 710
910 730
910 740
910 790
910 920
910 940
910 950
920 685
920 695
920 715
920 725
920 790
920 920
920 940
920 950
925 745
925 755
925 775
925 800
925 820
925 830
925 850
925 860
925 880
925 890
925 910
925 970
925 980
925 1000
925 1010
935 740
935 760
935 770
935 805
935 815
935 835
935 845
935 865
935 875
935 895
935 905
935 970
935 980
935 1000
935 1010
940 670
940 680
940 700
940 710
940 730
940 925
940 935
940 955
950 670
950 680
950 700
950 710
950 730
950 910
950 920
950 940
950 950
950 1025
950 1045
950 1055
950 1075
950 1085
955 740
955 760
955 770
955 790
955 800
955 820
955 830
955 850
955 860
955 880
955 890
955 970
955 980
955 1000
955 1010
965 740
965 760
965 770
965 790
965 800
965 820
965 830
965 850
965 860
965 880
965 890
965 970
965 980
965 1000
965 1010
970 655
970 665
970 685
970 695
970 715
970 725
970 910
970 920
970 940
970 950
970 1030
970 1040
970 1060
970 1070
970 1090
980 655
980 665
980 685
980 695
980 715
980 725
980 775
980 910
980 920
980 940
980 950
980 1030
980 1040
980 1060
980 1070
980 1090
985 745
985 755
985 785
985 805
985 815
985 835
985 845
985 865
985 875
985 895
985 970
985 980
985 1000
985 1010
995 730
995 740
995 760
995 785
995 805
995 815
995 835
995 845
995 865
995 875
995 895
995 955
995 965
995 985
995 995
1000 655
1000 665
1000 685
1000 695
1000 715
1000 770
1000 905
1000 925
1000 935
1000 1015
1000 1025
1000 1045
1000 1055
1000 1075
1000 1085
1010 655
1010 665
1010 685
1010 695
1010 715
1010 910
1010 920
1010 940
1010 1015
1010 1025
1010 1045
1010 1055
1010 1075
1010 1085
1015 725
1015 745
1015 755
1015 775
1015 785
1015 805
1015 815
1015 835
1015 845
1015 865
1015 875
1015 950
1015 970
1015 980
1015 1000
1025 725
1025 745
1025 755
1025 775
1025 785
1025 805
1025 815
1025 835
1025 845
1025 865
1025 875
1025 955
1025 965
1025 985
1025 995
1030 655
1030 665
1030 685
1030 695
1030 715
1030 895
1030 905
1030 925
1030 935
1030 1015
1030 1025
1030 1045
1030 1055
1030 1075
1030 1085
1040 640
1040 650
1040 670
1040 680
1040 700
1040 710
1040 895
1040 905
1040 925
1040 935
1040 1015
1040 1025
1040 1045
1040 1055
1040 1075
1040 1085
1045 620
1045 730
1045 740
1045 775
1045 785
1045 805
1045 815
1045 835
1045 845
1045 865
1045 875
1045 955
1045 965
1045 985
1045 995
1045 1105
1055 620
1055 730
1055 740
1055 770
1055 790
1055 800
1055 820
1055 830
1055 850
1055 860
1055 880
1055 955
1055 965
1055 985
1055 995
1055 1105
1060 605
1060 640
1060 650
1060 670
1060 680
1060 700
1060 710
1060 760
1060 890
1060 910
1060 920
1060 1015
1060 1025
1060 1045
1060 1055
1060 1075
1060 1085
1060 1115
1070 605
1070 635
1070 655
1070 665
1070 685
1070 695
1070 760
1070 890
1070 910
1070 920
1070 1000
1070 1010
1070 1030
1070 1040
1070 1060
1070 1070
1070 1115
1075 625
1075 715
1075 725
1075 745
1075 770
1075 790
1075 800
1075 820
1075 830
1075 850
1075 860
1075 880
1075 940
1075 950
1075 970
1075 980
1075 1090
1075 1100
1075 1135
1085 625
1085 715
1085 725
1085 745
1085 775
1085 785
1085 805
1085 815
1085 835
1085 845
1085 865
1085 875
1085 940
1085 950
1085 970
1085 980
1085 1090
1085 1100
1085 1130
1090 595
1090 605
1090 635
1090 655
1090 665
1090 685
1090 695
1090 755
1090 895
1090 905
1090 925
1090 1000
1090 1010
1090 1030
1090 1040
1090 1060
1090 1070
1090 1120
1100 635
1100 655
1100 665
1100 685
1100 695
1100 755
1100 895
1100 905
1100 925
1100 995
1100 1015
1100 1025
1100 1045
1100 1055
1100 1075
1100 1120
1105 610
1105 620
1105 715
1105 725
1105 745
1105 775
1105 785
1105 805
1105 815
1105 835
1105 845
1105 865
1105 875
1105 935
1105 955
1105 965
1105 985
1105 1085
1105 1130
1115 610
1115 620
1115 710
1115 730
1115 740
1115 775
1115 785
1115 805
1115 815
1115 835
1115 845
1115 865
1115 875
1115 935
1115 955
1115 965
1115 985
1115 1085
1120 640
1120 650
1120 670
1120 680
1120 700
1120 895
1120 905
1120 925
1120 995
1120 1015
1120 1025
1120 1045
1120 1055
1120 1075
1120 1105
1120 1115
1130 640
1130 650
1130 670
1130 680
1130 700
1130 880
1130 890
1130 910
1130 920
1130 995
1130 1015
1130 1025
1130 1045
1130 1055
1130 1075
1130 1105
1130 1115
1135 610
1135 620
1135 710
1135 730
1135 740
1135 760
1135 770
1135 790
1135 800
1135 820
1135 830
1135 850
1135 860
1135 940
1135 950
1135 970
1135 980
1135 1085
1145 610
1145 620
1145 710
1145 730
1145 740
1145 760
1145 770
1145 790
1145 800
1145 820
1145 830
1145 850
1145 860
1145 940
1145 950
1145 970
1145 980
1145 1090
1150 640
1150 650
1150 670
1150 680
1150 700
1150 880
1150 890
1150 910
1150 920
1150 1000
1150 1010
1150 1030
1150 1040
1150 1060
1150 1070
1150 1100
1160 640
1160 650
1160 670
1160 680
1160 700
1160 880
1160 890
1160 910
1160 920
1160 1000
1160 1010
1160 1030
1160 1040
1160 1060
1160 1070
1160 1100
1165 605
1165 710
1165 730
1165 740
1165 760
1165 770
1165 790
1165 800
1165 820
1165 830
1165 850
1165 860
1165 940
1165 950
1165 970
1165 980
1165 1090
1165 1120
1165 1130
1175 605
1175 715
1175 725
1175 760
1175 770
1175 790
1175 800
1175 820
1175 830
1175 850
1175 860
1175 940
1175 950
1175 970
1175 980
1175 1090
1175 1120
1175 1130
1180 625
1180 635
1180 655
1180 665
1180 685
1180 695
1180 745
1180 880
1180 890
1180 910
1180 920
1180 1000
1180 1010
1180 1030
1180 1040
1180 1060
1180 1070
1180 1100
1190 625
1190 635
1190 655
1190 665
1190 685
1190 695
1190 745
1190 875
1190 895
1190 905
1190 1000
1190 1010
1190 1030
1190 1040
1190 1060
1190 1070
1190 1100
1195 605
1195 715
1195 725
1195 755
1195 775
1195 785
1195 805
1195 815
1195 835
1195 845
1195 865
1195 925
1195 935
1195 955
1195 965
1195 1090
1195 1120
1205 610
1205 715
1205 725
1205 755
1205 775
1205 785
1205 805
1205 815
1205 835
1205 845
1205 865
1205 925
1205 935
1205 955
1205 965
1205 1075
1205 1085
1205 1120
1210 620
1210 640
1210 650
1210 670
1210 680
1210 745
1210 875
1210 895
1210 905
1210 985
1210 995
1210 1015
1210 1025
1210 1045
1210 1055
1210 1105
1220 625
1220 635
1220 655
1220 665
1220 685
1220 740
1220 875
1220 895
1220 905
1220 985
1220 995
1220 1015
1220 1025
1220 1045
1220 1055
1220 1105
1225 695
1225 715
1225 725
1225 760
1225 770
1225 790
1225 800
1225 820
1225 830
1225 850
1225 860
1225 925
1225 935
1225 955
1225 965
1225 1075
1225 1085
1225 1115
1235 700
1235 710
1235 745
1235 755
1235 775
1235 785
1235 805
1235 815
1235 835
1235 845
1235 920
1235 940
1235 950
1235 970
1235 1075
1235 1085
1235 1115
1240 640
1240 650
1240 670
1240 680
1240 730
1240 865
1240 875
1240 895
1240 905
1240 980
1240 1000
1240 1010
1240 1030
1240 1040
1240 1060
1240 1105
1250 670
1250 680
1250 730
1250 860
1250 880
1250 890
1250 985
1250 995
1250 1015
1250 1025
1250 1045
1250 1055
1250 1090
1250 1100
1255 700
1255 710
1255 740
1255 760
1255 770
1255 790
1255 800
1255 820
1255 830
1255 850
1255 910
1255 920
1255 940
1255 950
1255 1075
1255 1120
1255 1130
1265 740
1265 760
1265 770
1265 790
1265 800
1265 820
1265 830
1265 850
1265 910
1265 920
1265 940
1265 950
1265 1060
1265 1070
1265 1105
1265 1115
1265 1135
1270 860
1270 880
1270 890
1270 970
1270 980
1270 1000
1270 1010
1270 1030
1270 1040
1270 1090
1280 865
1280 875
1280 895
1280 970
1280 980
1280 1000
1280 1010
1280 1030
1280 1040
1280 1090
1285 760
1285 770
1285 790
1285 800
1285 820
1285 830
1285 905
1285 925
1285 935
1285 955
1285 1060
1285 1070
1285 1100
1285 1120
1285 1130
1295 755
1295 775
1295 785
1295 805
1295 815
1295 835
1295 910
1295 920
1295 940
1295 950
1295 1055
1295 1100
1295 1120
1295 1130
1300 845
1300 865
1300 875
1300 970
1300 980
1300 1000
1300 1010
1300 1030
1300 1040
1300 1075
1300 1085
1310 845
1310 865
1310 875
1310 955
1310 965
1310 985
1310 995
1310 1015
1310 1025
1310 1070
1310 1135
1310 1145
1315 790
1315 800
1315 820
1315 830
1315 895
1315 905
1315 925
1315 935
1315 1045
1315 1055
1315 1090
1315 1100
1315 1120
1325 805
1325 815
1325 890
1325 910
1325 920
1325 940
1325 1045
1325 1055
1325 1085
1325 1105
1325 1115
1330 835
1330 845
1330 865
1330 875
1330 950
1330 970
1330 980
1330 1000
1330 1010
1330 1030
1330 1075
1330 1135
1330 1145
1340 835
1340 845
1340 865
1340 875
1340 955
1340 965
1340 985
1340 995
1340 1015
1340 1025
1345 895
1345 905
1345 925
1345 935
1355 890
1355 910
1355 920
1360 940
1360 950
